//Experience tables format:
//Max Level,Class list,Type (0 - Base Exp; 1 - Job Exp),Exp for Lv 1,2,3,4,5,6,7,8,9,10,11,12,13,14,15,16,17,18,19,20,21,22,23,24,25,26,27,28,29,30,31,32,33,34,35,36,37,38,39,40,41,42,43,44,45,46,47,48,49,50,51,52,53,54,55,56,57,58,59,60,61,62,63,64,65,66,67,68,69,70,71,72,73,74,75,76,77,78,79,80,81,82,83,84,85,86,87,88,89,90,91,92,93,94,95,96,97,98
//Base - Normal and Baby Jobs
99,0:1:2:3:4:5:6:7:8:9:10:11:12:13:14:15:16:17:18:19:20:21:23:24:25:26:4023:4024:4025:4026:4027:4028:4029:4030:4031:4032:4033:4034:4035:4036:4037:4038:4039:4040:4041:4042:4043:4044:4045:4046:4047:4048:4049:4050:4051:4052,0,550,900,1500,2200,3200,3800,4200,4550,5000,5500,6000,6100,6350,6700,7350,8000,8400,8800,9200,9700,10300,11000,11800,13000,14000,15000,16000,17000,18000,19000,20000,21000,22000,23200,24000,26000,27500,29000,30000,31500,33000,34000,36000,37500,38000,40000,42000,44500,47000,49000,51000,53000,55000,57000,59000,61500,63000,65000,67000,69000,70000,73000,77000,80000,84000,88000,91000,95000,110000,128000,140000,155000,163000,170000,180000,188000,195000,200000,230000,260000,300000,350000,400000,480000,550000,600000,680000,750000,900000,1000000,1200000,1500000,1800000,2100000,2400000,2800000,3300000,4000000
//Base - Adv Jobs
99,4001:4002:4003:4004:4005:4006:4007:4008:4009:4010:4011:4012:4013:4014:4015:4016:4017:4018:4019:4020:4021:4022,0,660,1080,1800,2640,3840,4560,5040,5460,6000,6600,7200,7320,4620,8040,8820,9600,10080,10560,11040,12610,13390,14300,15340,16900,18460,19500,20800,22100,23400,24700,26000,27300,28600,30160,31200,33800,35750,37700,39000,44100,46200,47600,50400,52500,53200,56000,58800,62300,65800,68600,71400,74200,77000,79800,82600,86100,88200,91000,96800,103500,105000,109500,115500,120000,126000,132000,136500,142500,165000,192000,210000,232500,244500,255000,270000,282000,292500,300000,345000,416000,480000,560000,640000,768000,880000,960000,1088000,1200000,1440000,1700000,2040000,2550000,3060000,3570000,4080000,4760000,5610000,6800000
//Job - Novice
10,0:4023,1,10,18,28,40,91,151,205,268,340
//Job - 1st Classes
50,1:2:3:4:5:6:26:4024:4025:4026:4027:4028:4029:4046,1,60,130,260,460,780,1060,1300,1560,1910,2290,2680,2990,3340,3740,4360,4970,5530,6120,6700,8090,8920,9970,11080,12690,14440,15850,17400,19220,21060,22870,24910,26840,29080,31320,33300,37110,40500,43570,46180,53510,57200,60310,65690,70090,72130,77540,83320,90120,97180
//Job - 2nd Classes
50,7:8:9:10:11:12:13:14:15:16:17:18:19:20:21:4030:4031:4032:4033:4034:4035:4036:4037:4038:4039:4040:4041:4042:4043:4044:4049:4050:4051:4052:4190:4191,1,2500,4200,7000,10300,15900,18900,20900,22600,24900,28800,31500,32000,33300,35100,40500,44100,46300,48500,50700,56000,59400,63500,68100,75000,85700,90500,96600,102600,108600,119700,126000,132300,138600,146100,157500,170600,180400,190300,196800,214900,225200,232000,245700,255900,279300,294000,308700,327000,345400
//Job - Super Novice
99,23:4045,1,60,130,260,460,780,1060,1300,1560,1910,2290,2680,2990,3340,3740,4360,4970,5530,6120,6700,8090,8920,9970,11080,12690,14440,15850,17400,19220,21060,22870,24910,26840,29080,31320,33300,37110,40500,43570,46180,53510,57200,60310,65690,70090,72130,77540,83320,90120,97180,590100,600100,610100,620100,630100,640100,650100,660100,670100,680100,690100,700100,710100,720100,730100,740100,750100,760100,770100,780100,790100,800100,810100,820100,830100,840100,850100,860100,870100,880100,890100,900100,910100,920100,930100,940100,950100,960100,970100,980100,990100,1000100,1010100,1020100,1030100,1040100,1050100,1060100,1070100
//Job - Novice High
10,4001,1,12,22,35,50,113,188,256,335,425
//Job - Adv First Classes
50,4002:4003:4004:4005:4006:4007,1,340,550,760,990,1250,1600,1980,2340,2740,3140,3950,4510,5210,5950,7000,8150,9130,10220,11480,12780,14090,15560,16980,18620,20280,21780,24510,27000,29000,31000,36000,39000,41000,45000,49000,51900,55000,59450,64630,70030,74940,79800,84630,89610,95170,100420,107250,112070,118120
//Job - Adv Second Classes
70,4008:4009:4010:4011:4012:4013:4014:4015:4016:4017:4018:4019:4020:4021:4022,1,2400,3800,6200,10400,15200,22900,27100,30000,32500,35700,41300,45000,45800,47600,50300,58700,63900,67100,70300,73500,90600,96200,102700,110200,121400,144700,152900,163100,173300,183500,213500,224700,236000,247200,260700,299800,324800,343600,362300,374800,474400,497000,512100,542200,564800,644300,678200,712100,754500,796900,949300,988100,1026800,1065600,1104300,1334800,1391400,1425300,1470600,1515800,2003800,2032800,2119900,2236100,2323200,3025300,3433300,3776600,4436900,6758400,7972433,9463333,10954233,12445133,13936033,15426933,16917833,18408733,19899633,21390533,22881433,24372333,25863233,27354133,28845033,30335933,31826833,33317733,34808633,36299533,37790433,39281333,40772233,42263133,43754033,45244933,46735833,48226733,49717633,51208533,52699433,54190333,55681233,57172133,58663033,60153933,61644833,63135733,64626633,66117533,67608433,69099333,70590233,72081133,73572033,75062933,76553833,78044733,79535633,81026533,82517433,84008333,85499233,86990133,88481033,89971933,91462833,92953733,94444633,95935533,97426433,98917333,100408233,101899133,103390033,104880933,106371833,107862733,109353633,110844533,112335433,113826333,115317233,116808133,118299033,119789933,121280833,122771733,124262633,125753533,127244433,128735333,130226233,131717133,133208033,134698933,136189833,137680733,139171633,140662533,142153433,143644333,145135233,146626133,148117033,149607933,151098833,152589733,154080633,155571533,157062433,158553333,160044233,161535133,163026033,164516933,166007833,167498733,168989633,170480533,171971433,173462333,174953233,176444133,177935033,179425933,180916833,182407733,183898633,185389533,186880433,188371333,189862233,191353133,192844033,194334933,195825833,197316733,198807633,200298533,201789433,203280333,204771233,206262133,207753033,209243933,210734833,212225733,213716633,215207533,216698433,218189333,219680233,221171133,222662033,224152933,225643833,227134733,228625633,230116533,231607433,233098333,234589233,236080133,237571033,239061933,240552833,242043733,243534633,245025533,246516433,248007333,249498233,250989133,252480033,253970933,255461833,256952733,258443633,259934533,261425433,262916333,264407233,265898133,267389033,268879933,270370833,271861733,273352633,274843533,276334433,277825333,279316233,280807133,282298033,283788933,285279833,286770733,288261633,289752533,291243433,292734333,294225233,295716133,297207033,298697933,300188833,301679733,303170633,304661533,306152433,307643333,309134233,310625133,312116033,313606933,315097833,316588733,318079633,319570533,321061433,322552333,324043233,325534133,327025033,328515933,330006833,331497733,332988633,334479533,335970433,337461333,338952233,340443133,341934033,343424933,344915833,346406733,347897633,349388533,350879433,352370333,353861233,355352133,356843033,358333933,359824833,361315733,362806633,364297533,365788433,367279333,368770233,370261133,371752033,373242933,374733833,376224733,377715633,379206533,380697433,382188333,383679233,385170133,386661033,388151933,389642833,391133733,392624633,394115533,395606433,397097333,398588233,400079133,401570033,403060933,404551833,406042733,407533633,409024533,410515433,412006333,413497233,414988133,416479033,417969933,419460833,420951733,422442633,423933533,425424433,426915333,428406233,429897133,431388033,432878933,434369833,435860733,437351633,438842533,440333433,441824333,443315233,444806133,446297033,447787933,449278833,450769733,452260633,453751533,455242433,456733333,458224233,459715133,461206033,462696933,464187833,465678733,467169633,468660533,470151433,471642333,473133233,474624133,476115033,477605933,479096833,480587733,482078633,483569533,485060433,486551333,488042233,489533133,491024033,492514933,494005833,495496733,496987633,498478533,499969433,501460333,502951233,504442133,505933033,507423933,508914833,510405733,511896633,513387533,514878433,516369333,517860233,519351133,520842033,522332933,523823833,525314733,526805633,528296533,529787433,531278333,532769233,534260133,535751033,537241933,538732833,540223733,541714633,543205533,544696433,546187333,547678233,549169133,550660033,552150933,553641833,555132733,556623633,558114533,559605433,561096333,562587233,564078133,565569033,567059933,568550833,570041733,571532633,573023533,574514433,576005333,577496233,578987133,580478033,581968933,583459833,584950733,586441633,587932533,589423433,590914333,592405233,593896133,595387033,596877933,598368833,599859733,601350633,602841533,604332433,605823333,607314233,608805133,610296033,611786933,613277833,614768733,616259633,617750533,619241433,620732333,622223233,623714133,625205033,626695933,628186833,629677733,631168633,632659533,634150433,635641333,637132233,638623133,640114033,641604933,643095833,644586733,646077633,647568533,649059433,650550333,652041233,653532133,655023033,656513933,658004833,659495733,660986633,662477533,663968433,665459333,666950233,668441133,669932033,671422933,672913833,674404733,675895633,677386533,678877433,680368333,681859233,683350133,684841033,686331933,687822833,689313733,690804633,692295533,693786433,695277333,696768233,698259133,699750033,701240933,702731833,704222733,705713633,707204533,708695433,710186333,711677233,713168133,714659033,716149933,717640833,719131733,720622633,722113533,723604433,725095333,726586233,728077133,729568033,731058933,732549833,734040733,735531633,737022533,738513433,740004333,741495233,742986133,744477033,745967933,747458833,748949733,750440633,751931533,753422433,754913333,756404233,757895133,759386033,760876933,762367833,763858733,765349633,766840533,768331433,769822333,771313233,772804133,774295033,775785933,777276833,778767733,780258633,781749533,783240433,784731333,786222233,787713133,789204033,790694933,792185833,793676733,795167633,796658533,798149433,799640333,801131233,802622133,804113033,805603933,807094833,808585733,810076633,811567533,813058433,814549333,816040233,817531133,819022033,820512933,822003833,823494733,824985633,826476533,827967433,829458333,830949233,832440133,833931033,835421933,836912833,838403733,839894633,841385533,842876433,844367333,845858233,847349133,848840033,850330933,851821833,853312733,854803633,856294533,857785433,859276333,860767233,862258133,863749033,865239933,866730833,868221733,869712633,871203533,872694433,874185333,875676233,877167133,878658033,880148933,881639833,883130733,884621633,886112533,887603433,889094333,890585233,892076133,893567033,895057933,896548833,898039733,899530633,901021533,902512433,904003333,905494233,906985133,908476033,909966933,911457833,912948733,914439633,915930533,917421433,918912333,920403233,921894133,923385033,924875933,926366833,927857733,929348633,930839533,932330433,933821333,935312233,936803133,938294033,939784933,941275833,942766733,944257633,945748533,947239433,948730333,950221233,951712133,953203033,954693933,956184833,957675733,959166633,960657533,962148433,963639333,965130233,966621133,968112033,969602933,971093833,972584733,974075633,975566533,977057433,978548333,980039233,981530133,983021033,984511933,986002833,987493733,988984633,990475533,991966433,993457333,994948233,996439133,997930033,999420933,1000911833,1002402733,1003893633,1005384533,1006875433,1008366333,1009857233,1011348133,1012839033,1014329933,1015820833,1017311733,1018802633,1020293533,1021784433,1023275333,1024766233,1026257133,1027748033,1029238933,1030729833,1032220733,1033711633,1035202533,1036693433,1038184333,1039675233,1041166133,1042657033,1044147933,1045638833,1047129733,1048620633,1050111533,1051602433,1053093333,1054584233,1056075133,1057566033,1059056933,1060547833,1062038733,1063529633,1065020533,1066511433,1068002333,1069493233,1070984133,1072475033,1073965933,1075456833,1076947733,1078438633,1079929533,1081420433,1082911333,1084402233,1085893133,1087384033,1088874933,1090365833,1091856733,1093347633,1094838533,1096329433,1097820333,1099311233,1100802133,1102293033,1103783933,1105274833,1106765733,1108256633,1109747533,1111238433,1112729333,1114220233,1115711133,1117202033,1118692933,1120183833,1121674733,1123165633,1124656533,1126147433,1127638333,1129129233,1130620133,1132111033,1133601933,1135092833,1136583733,1138074633,1139565533,1141056433,1142547333,1144038233,1145529133,1147020033,1148510933,1150001833,1151492733,1152983633,1154474533,1155965433,1157456333,1158947233,1160438133,1161929033,1163419933,1164910833,1166401733,1167892633,1169383533,1170874433,1172365333,1173856233,1175347133,1176838033,1178328933,1179819833,1181310733,1182801633,1184292533,1185783433,1187274333,1188765233,1190256133,1191747033,1193237933,1194728833,1196219733,1197710633,1199201533,1200692433,1202183333,1203674233,1205165133,1206656033,1208146933,1209637833,1211128733,1212619633,1214110533,1215601433,1217092333,1218583233,1220074133,1221565033,1223055933,1224546833,1226037733,1227528633,1229019533,1230510433,1232001333,1233492233,1234983133,1236474033,1237964933,1239455833,1240946733,1242437633,1243928533,1245419433,1246910333,1248401233,1249892133,1251383033,1252873933,1254364833,1255855733,1257346633,1258837533,1260328433,1261819333,1263310233,1264801133,1266292033,1267782933,1269273833,1270764733,1272255633,1273746533,1275237433,1276728333,1278219233,1279710133,1281201033,1282691933,1284182833,1285673733,1287164633,1288655533,1290146433,1291637333,1293128233,1294619133,1296110033,1297600933,1299091833,1300582733,1302073633,1303564533,1305055433,1306546333,1308037233,1309528133,1311019033,1312509933,1314000833,1315491733,1316982633,1318473533,1319964433,1321455333,1322946233,1324437133,1325928033,1327418933,1328909833,1330400733,1331891633,1333382533,1334873433,1336364333,1337855233,1339346133,1340837033,1342327933,1343818833,1345309733,1346800633,1348291533,1349782433,1351273333,1352764233,1354255133,1355746033,1357236933,1358727833,1360218733,1361709633,1363200533,1364691433,1366182333,1367673233,1369164133,1370655033,1372145933,1373636833,1375127733,1376618633,1378109533,1379600433,1381091333,1382582233,1384073133,1385564033,1387054933,1388545833,1390036733,1391527633,1393018533
//Job - Star Gladiator
50,4047:4048,1,15000,15000,15000,15000,15000,15000,15000,15000,15000,15000,15000,15000,15000,15000,15000,15000,15000,15000,25000,30000,32000,34000,36000,38000,40000,42000,44000,46000,48000,50000,52000,54000,56000,58000,60000,63000,66000,69000,72000,75000,80000,85000,90000,95000,100000,110000,120000,130000,150000
//Job - Ninja/Gunslinger
70,24:25,1,200,300,400,600,700,1000,1200,1400,1700,1900,2400,2700,3200,3600,4200,4900,5500,6100,6900,7700,8400,9300,10100,11100,12100,13000,14600,16100,17500,18600,21500,23300,24700,27000,29000,30000,32400,35000,38100,41100,44000,46700,49600,52500,55600,58900,62700,65500,69200,72300,81200,84100,89300,95500,100900,107800,114900,120700,128600,150500,176900,196100,219600,234200,247900,266400,281300,296600,308000
//Base - Normal and Baby 3rd Jobs
150,4054:4055:4056:4057:4058:4059:4066:4067:4068:4069:4070:4071:4072:4080:4082:4084:4086:4096:4097:4098:4099:4100:4101:4102:4103:4104:4105:4106:4107:4108:4109:4110:4111:4112:4190:4191,0,550,900,1500,2200,3200,3800,4200,4550,5000,5500,6000,6100,6350,6700,7350,8000,8400,8800,9200,9700,10300,11000,11800,13000,14000,15000,16000,17000,18000,19000,20000,21000,22000,23200,24000,26000,27500,29000,30000,31500,33000,34000,36000,37500,38000,40000,42000,44500,47000,49000,51000,53000,55000,57000,59000,61500,63000,65000,67000,69000,70000,73000,77000,80000,84000,88000,91000,95000,110000,128000,140000,155000,163000,170000,180000,188000,195000,200000,230000,260000,300000,350000,400000,480000,550000,600000,680000,750000,900000,1000000,1200000,1500000,1800000,2100000,2400000,2800000,3300000,4000000,7070000,7400000,7770000,8150000,8550000,9100000,9610000,10150000,10570000,11180000,12000000,12200000,12930000,13150000,14030000,14420000,15420000,15670000,16870000,17140000,18720000,19020000,20590000,20930000,22690000,23310000,25290000,26020000,27860000,28535000,30990000,31680000,33560000,34942000,36372000,38350000,39890000,41545000,43330000,45400000,48100000,50410000,53370000,56250000,59230000,62590000,66120000,70200000,75330000,81100000,95000000
//Base - Adv 3rd Jobs
150,4060:4061:4062:4063:4064:4065:4073:4074:4075:4076:4077:4078:4079:4081:4083:4085:4087,0,660,1080,1800,2640,3840,4560,5040,5460,6000,6600,7200,7320,4620,8040,8820,9600,10080,10560,11040,12610,13390,14300,15340,16900,18460,19500,20800,22100,23400,24700,26000,27300,28600,30160,31200,33800,35750,37700,39000,44100,46200,47600,50400,52500,53200,56000,58800,62300,65800,68600,71400,74200,77000,79800,82600,86100,88200,91000,96800,103500,105000,109500,115500,120000,126000,132000,136500,142500,165000,192000,210000,232500,244500,255000,270000,282000,292500,300000,345000,416000,480000,560000,640000,768000,880000,960000,1088000,1200000,1440000,1700000,2040000,2550000,3060000,3570000,4080000,4760000,5610000,6800000,7070000,7400000,7770000,8150000,8550000,9100000,9610000,10150000,10570000,11180000,12000000,12200000,12930000,13150000,14030000,14420000,15420000,15670000,16870000,17140000,18720000,19020000,20590000,20930000,22690000,23310000,25290000,26020000,27860000,28535000,30990000,31680000,33560000,34942000,36372000,38350000,39890000,41545000,43330000,45400000,48100000,50410000,53370000,56250000,59230000,62590000,66120000,70200000,75330000,81100000,95000000
//Job - Normal and Baby Third Classes
50,4054:4055:4056:4057:4058:4059:4060:4061:4062:4063:4064:4065:4066:4067:4068:4069:4070:4071:4072:4073:4074:4075:4076:4077:4078:4079:4080:4081:4082:4083:4084:4085:4086:4087,1,106000,112000,355000,615000,917000,1253000,1595000,2007000,2430000,2868000,3420000,3863000,4504000,4998000,5769000,6321000,7254000,7870000,9015000,9530000,11072000,11848000,13467000,14337000,16243000,17216000,19446000,20781000,23070000,24453000,27568000,29118000,31820000,34125000,37048000,40204000,42972000,45937000,49110000,52696000,57158000,61305000,67167000,72285000,77647000,83624000,91113000,98548000,107630000,119077000,119434231,119792534,120151911,120512367,120873904,121236526,121600235,121965036,122330931,122697924,123066018,123435216,123805522,124176938,124549469,124923117,125297887,125673780,126050802,126428954,126808241,127188666,127570232,127952942,128336801,128721812,129107977,129495301,129883787,130273438,130664258,131056251,131449420,131843768,132239300,132636017,133033926,133433027,133833326,134234826,134637531,135041443,135446568,135852907,136260466,136669248,137079255,137490493,137902965,138316673,138731624,139147818,139565262,139983958,140403909,140825121,141247597,141671339,142096353,142522642,142950210,143379061,143809198,144240626,144673348,145107368,145542690,145979318,146417256,146856508,147297077,147738968,148182185,148626732,149072612,149519830,149968389,150418295,150869549,151322158,151776125,152231453,152688147,153146212,153605650,154066467,154528667,154992253,155457229,155923601,156391372,156860546,157331128,157803121,158276530,158751360,159227614,159705297,160184413,160664966,161146961,161630402,162115293,162601639,163089444,163578712,164069448,164561657,165055342,165550508,166047159,166545301,167044937,167546071,168048710,168552856,169058514,169565690,170074387,170584610,171096364,171609653,172124482,172640855,173158778,173678254,174199289,174721887,175246053,175771791,176299106,176828003,177358487,177890563,178424235,178959507,179496386,180034875,180574980,181116705,181660055,182205035,182751650,183299905,183849805,184401354,184954558,185509422,186065950,186624148,187184020,187745572,188308809,188873735,189440357,190008678,190578704,191150440,191723891,192299063,192875960,193454588,194034952,194617057,195200908,195786510,196373870,196962992,197553881,198146542,198740982,199337205,199935216,200535022,201136627,201740037,202345257,202952293,203561150,204171833,204784349,205398702,206014898,206632943,207252841,207874600,208498224,209123718,209751090,210380343,211011484,211644518,212279452,212916290,213555039,214195704,214838291,215482806,216129255,216777642,217427975,218080259,218734500,219390703,220048876,220709022,221371149,222035263,222701369,223369473,224039581,224711700,225385835,226061992,226740178,227420399,228102660,228786968,229473329,230161749,230852234,231544791,232239425,232936144,233634952,234335857,235038864,235743981,236451213,237160567,237872048,238585664,239301421,240019326,240739384,241461602,242185987,242912545,243641282,244372206,245105323,245840639,246578161,247317895,248059849,248804028,249550440,250299092,251049989,251803139,252558548,253316224,254076173,254838401,255602916,256369725,257138834,257910251,258683982,259460034,260238414,261019129,261802186,262587593,263375356,264165482,264957978,265752852,266550111,267349761,268151810,268956266,269763134,270572424,271384141,272198294,273014888,273833933,274655435,275479401,276305839,277134757,277966161,278800060,279636460,280475369,281316795,282160746,283007228,283856250,284707818,285561942,286418628,287277884,288139717,289004136,289871149,290740762,291612985,292487823,293365287,294245383,295128119,296013503,296901544,297792248,298685625,299581682,300480427,301381868,302286014,303192872,304102451,305014758,305929802,306847592,307768134,308691439,309617513,310546366,311478005,312412439,313349676,314289725,315232594,316178292,317126827,318078207,319032442,319989539,320949508,321912357,322878094,323846728,324818268,325792723,326770101,327750411,328733663,329719864,330709023,331701150,332696254,333694342,334695426,335699512,336706610,337716730,338729880,339746070,340765308,341787604,342812967,343841406,344872930,345907549,346945271,347986107,349030066,350077156,351127387,352180769,353237312,354297024,355359915,356425995,357495272,358567758,359643462,360722392,361804559,362889973,363978643,365070579,366165790,367264288,368366081,369471179,370579592,371691331,372806405,373924824,375046599,376171739,377300254,378432155,379567451,380706153,381848272,382993817,384142798,385295227,386451112,387610466,388773297,389939617,391109436,392282764,393459612,394639991,395823911,397011383,398202417,399397024,400595215,401797001,403002392,404211399,405424033,406640305,407860226,409083807,410311059,411541992,412776618,414014948,415256992,416502763,417752272,419005528,420262545,421523333,422787903,424056266,425328435,426604420,427884234,429167886,430455390,431746756,433041997,434341123,435644146,436951078,438261932,439576717,440895448,442218134,443544788,444875423,446210049,447548679,448891325,450237999,451588713,452943479,454302310,455665217,457032212,458403309,459778519,461157854,462541328,463928952,465320739,466716701,468116851,469521202,470929765,472342554,473759582,475180861,476606403,478036223,479470331,480908742,482351469,483798523,485249919,486705668,488165785,489630283,491099174,492572471,494050188,495532339,497018936,498509993,500005523,501505539,503010056,504519086,506032643,507550741,509073394,510600614,512132416,513668813,515209819,516755449,518305715,519860632,521420214,522984475,524553428,526127088,527705470,529288586,530876452,532469081,534066489,535668688,537275694,538887521,540504184,542125696,543752073,545383330,547019480,548660538,550306520,551957439,553613311,555274151,556939974,558610794,560286626,561967486,563653389,565344349,567040382,568741503,570447727,572159071,573875548,575597174,577323966,579055938,580793106,582535485,584283091,586035941,587794049,589557431,591326103,593100081,594879382,596664020,598454012,600249374,602050122,603856272,605667841,607484845,609307299,611135221,612968627,614807533,616651955,618501911,620357417,622218489,624085144,625957400,627835272,629718778,631607934,633502758,635403266,637309476,639221405,641139069,643062486,644991673,646926648,648867428,650814031,652766473,654724772,656688946,658659013,660634990,662616895,664604746,666598560,668598356,670604151,672615963,674633811,676657713,678687686,680723749,682765920,684814218,686868661,688929267,690996054,693069043,695148250,697233694,699325396,701423372,703527642,705638225,707755139,709878405,712008040,714144064,716286496,718435356,720590662,722752434,724920691,727095453,729276740,731464570,733658964,735859941,738067520,740281723,742502568,744730076,746964266,749205159,751452774,753707133,755968254,758236159,760510867,762792400,765080777,767376019,769678147,771987182,774303143,776626053,778955931,781292799,783636677,785987587,788345550,790710587,793082718,795461967,797848352,800241897,802642623,805050551,807465703,809888100,812317764,814754717,817198982,819650579,822109530,824575859,827049586,829530735,832019327,834515385,837018932,839529988,842048578,844574724,847108448,849649774,852198723,854755319,857319585,859891544,862471218,865058632,867653808,870256769,872867540,875486142,878112601,880746938,883389179,886039347,888697465,891363557,894037648,896719761,899409920,902108150,904814474,907528918,910251505,912982259,915721206,918468369,921223775,923987446,926759408,929539686,932328306,935125290,937930666,940744458,943566692,946397392,949236584,952084294,954940547,957805368,960678784,963560821,966451503,969350858,972258910,975175687,978101214,981035518,983978624,986930560,989891352,992861026,995839609,998827128,1001823609,1004829080,1007843567,1010867098,1013899699,1016941398,1019992222,1023052199,1026121356,1029199720,1032287319,1035384181,1038490333,1041605804,1044730622,1047864814,1051008408,1054161433,1057323918,1060495889,1063677377,1066868409,1070069014,1073279222,1076499059,1079728556,1082967742,1086216645,1089475295,1092743721,1096021952,1099310018,1102607948,1105915772,1109233519,1112561220,1115898904,1119246600,1122604340,1125972153,1129350070,1132738120,1136136334,1139544743,1142963377,1146392267,1149831444,1153280939,1156740781,1160211004,1163691637,1167182712,1170684260,1174196313,1177718902,1181252058,1184795814,1188350202,1191915252,1195490998,1199077471,1202674704,1206282728,1209901576,1213531281,1217171874,1220823390,1224485860,1228159318,1231843796,1235539327,1239245945,1242963683,1246692574,1250432652,1254183950,1257946502,1261720341,1265505502,1269302019,1273109925,1276929254,1280760042,1284602322,1288456129,1292321498,1296198462,1300087058,1303987319,1307899281,1311822979,1315758447,1319705723,1323664840,1327635834,1331618742,1335613598,1339620439,1343639300,1347670218,1351713229,1355768369,1359835674,1363915181,1368006926,1372110947,1376227280,1380355962,1384497030,1388650521,1392816472,1396994922,1401185906,1405389464,1409605633,1413834449,1418075953,1422330181,1426597171,1430876963,1435169594,1439475102,1443793528,1448124908,1452469283,1456826691,1461197171,1465580762,1469977505,1474387437,1478810600,1483247031,1487696772,1492159863,1496636342,1501126251,1505629630,1510146519,1514676959,1519220989,1523778652,1528349988,1532935038,1537533843,1542146445,1546772884,1551413203,1556067443,1560735645,1565417852,1570114105,1574824448,1579548921,1584287568,1589040431,1593807552,1598588974,1603384741,1608194896,1613019480,1617858539,1622712114,1627580251,1632462991,1637360380,1642272462,1647199279,1652140877,1657097299,1662068591,1667054797,1672055961,1677072129,1682103346,1687149656,1692211105,1697287738,1702379601,1707486740,1712609200,1717747028,1722900269,1728068970,1733253177,1738452936,1743668295,1748899300,1754145998,1759408436,1764686661,1769980721,1775290663,1780616535,1785958385,1791316260,1796690209,1802080279,1807486520,1812908980,1818347707,1823802750,1829274158,1834761981,1840266267,1845787065,1851324427,1856878400,1862449035,1868036382,1873640491,1879261413,1884899197,1890553895,1896225556,1901914233,1907619976,1913342836,1919082864,1924840113,1930614633,1936406477,1942215696,1948042343,1953886470,1959748130,1965627374,1971524256,1977438829,1983371146,1989321259,1995289223,2001275091,2007278916,2013300753,2019340655,2025398677,2031474873,2037569297,2043682005,2049813051
//Job - Adv Third Classes
50,4060:4061:4062:4063:4064:4065:4073:4074:4075:4076:4077:4078:4079:4081:4083:4085:4087,1,112000,355000,615000,917000,1253000,1595000,2007000,2430000,2868000,3420000,3863000,4504000,4998000,5769000,6321000,7254000,7870000,9015000,9530000,11072000,11848000,13467000,14334000,16243000,17216000,19446000,20781000,23070000,24453000,27568000,29118000,31820000,34125000,37048000,40204000,42972000,45937000,49110000,52696000,57158000,61305000,67167000,72285000,77647000,83624000,91113000,98548000,107630000,119077000
